00000000000010000000010000110111
00000000000000000001010010110111
00000000000000000010010000100011
00000000000000000010100000100011
00110101010000000000000011101111
00010011000000000000000011101111
00000000110001000010001010000011
00000000010100000010011000100011
00000000100001000010001010000011
00000000000100101111001010010011
00001010000000101000100001100011
00000000010001000010001100000011
00000110000100000000001110010011
00000100011100110000110001100011
00000100000100000000001110010011
00000100011100110000100001100011
00000110010000000000001110010011
00000100011100110000100001100011
00000100010000000000001110010011
00000100011100110000010001100011
00000111001100000000001110010011
00000100011100110000010001100011
00000101001100000000001110010011
00000100011100110000000001100011
00000111011100000000001110010011
00000100011100110000000001100011
00000101011100000000001110010011
00000010011100110000110001100011
00000010000000000000001110010011
00000010011100110000101001100011
00000111000100000000001110010011
00000100011100110000101001100011
00000101000100000000001110010011
00000100011100110000011001100011
00000101000000000000000001101111
00001101100000000000000011101111
00000100100000000000000001101111
00001111100000000000000011101111
00000100000000000000000001101111
00000111000000000000000011101111
00000011100000000000000001101111
00000011010000000000000001101111
00010001000000000000000011101111
00000000000001010000101001100011
00000000010000000010001010000011
00000000000100101000001010010011
00000000010100000010001000100011
11111110110111111111000001101111
00011010010000000000000011101111
00011110110000000000000011101111
00000111110000000000000011101111
00000000110000000000000001101111
00000000000100000000001010010011
00000000010100000010100000100011
00000000110001000010001010000011
00000000110000000010001100000011
01000000011000101000001110110011
00000000000100000000111000010011
00000001110000111100100001100011
00000010000000000000000011101111
00000000110001000010001010000011
00000000010100000010011000100011
00101100000000000000000011101111
00000001000000000010001010000011
11110010000000101000000011100011
00111110000000000000000011101111
00000000000000000000000001101111
11111111000000010000000100010011
00000000000100010010011000100011
00001010010000000000000011101111
00000000000001010000101001100011
00000000010000000010001010000011
00000000000100101000001010010011
00000000010100000010001000100011
00000001000000000000000001101111
00010011100000000000000011101111
00011000000000000000000011101111
00000001000000000000000011101111
00000000110000010010000010000011
00000001000000010000000100010011
00000000000000001000000001100111
00000000010000000000001010010011
00000000010100000010000000100011
00000000000000000010001000100011
00001010010000000000000011101111
00000000000001010000011001100011
00000000000100000000001010010011
00000000010100000010100000100011
00000000000000001000000001100111
00000000000000000010001010000011
00000010000000101000000001100011
11111111111100101000001010010011
00000000010100000010000000100011
00001000000000000000000011101111
00000000000001010000100001100011
00000000000000000010001010000011
00000000000100101000001010010011
00000000010100000010000000100011
00000000000000001000000001100111
00000000000000000010001010000011
00000000100000000000001100010011
00000010011000101101000001100011
00000000000100101000001010010011
00000000010100000010000000100011
00000101010000000000000011101111
00000000000001010000100001100011
00000000000000000010001010000011
11111111111100101000001010010011
00000000010100000010000000100011
00000000000000001000000001100111
00000000010000000010001010000011
00000000000100101000001010010011
00000000010100000010001000100011
00000011000000000000000011101111
00000000000001010001110001100011
00000000010000000010001010000011
11111111111100101000001010010011
00000000010100000010001000100011
00000000000100000000010100010011
00000000000000001000000001100111
00000000010000000010001010000011
11111111111100101000001010010011
00000000010100000010001000100011
00000000000000000000010100010011
00000000000000001000000001100111
00000000000000000010001010000011
00000000010000000010001100000011
00000110000000101100000001100011
00000000100000000000001110010011
00000100010100111100110001100011
00000100000000110100101001100011
00000001001000000000001110010011
00000100011000111100011001100011
00000000000000101000010100010011
00000000000000110000010110010011
00010110010000000000000011101111
00000010000001010001111001100011
00000000000100101000010100010011
00000000000000110000010110010011
00010101010000000000000011101111
00000010000001010001011001100011
00000000000000101000010100010011
00000000000100110000010110010011
00010100010000000000000011101111
00000000000001010001111001100011
00000000000100101000010100010011
00000000000100110000010110010011
00010011010000000000000011101111
00000000000001010001011001100011
00000000000000000000010100010011
00000000000000001000000001100111
00000000000100000000010100010011
00000000000000001000000001100111
00000000000000000010001010000011
00000000010000000010001100000011
00000000000000101000010100010011
00000000000000110000010110010011
00000000000100000000011000010011
00010010010000000000000011101111
00000000000100101000010100010011
00000000000000110000010110010011
00000000000100000000011000010011
00010001010000000000000011101111
00000000000000101000010100010011
00000000000100110000010110010011
00000000000100000000011000010011
00010000010000000000000011101111
00000000000100101000010100010011
00000000000100110000010110010011
00000000000100000000011000010011
00001111010000000000000011101111
00000000000000001000000001100111
00000001001100000000100100010011
00001010000010010100011001100011
00000000000000000000100110010011
00000000000100000000101000010011
00000000000010011000010100010011
00000000000010010000010110010011
00001011100000000000000011101111
00000000000001010001011001100011
00000000000000000000101000010011
00000001000000000000000001101111
00000000000110011000100110010011
00000000101000000000001010010011
11111110010110011100000011100011
00000110000010100000101001100011
00000000000010010000101010010011
00000001010100000100010001100011
00000011100000000000000001101111
00000000000000000000100110010011
00000000000010011000010100010011
11111111111110101000010110010011
00001000000000000000000011101111
00000000000001010000011000010011
00000000000010011000010100010011
00000000000010101000010110010011
00001000110000000000000011101111
00000000000110011000100110010011
00000000101000000000001010010011
11111100010110011100111011100011
11111111111110101000101010010011
11111100100111111111000001101111
00000000000000000000100110010011
00000000000010011000010100010011
00000000000000000000010110010011
00000000000000000000011000010011
00000110010000000000000011101111
00000000000110011000100110010011
00000000101000000000001010010011
11111110010110011100010011100011
00000000100000000010001010000011
00000000000100101000001010010011
00000000010100000010010000100011
11110110000111111111000001101111
11111111111110010000100100010011
11110101100111111111000001101111
00000000000000001000000001100111
00000000000000000000001010010011
00001100100000000000001100010011
00000000010101001000001110110011
00000000000000111000000000100011
00000000000100101000001010010011
11111110011000101100101011100011
00000000000000001000000001100111
00000000001101011001001010010011
00000000000101011001001100010011
00000000011000101000001010110011
00000000101000101000001010110011
00000000100100101000001010110011
00000000000000101100010100000011
00000000000000001000000001100111
00000000001101011001001010010011
00000000000101011001001100010011
00000000011000101000001010110011
00000000101000101000001010110011
00000000100100101000001010110011
00000000110000101000000000100011
00000000000000001000000001100111
11111111000000010000000100010011
00000000000100010010011000100011
00000001101100000000010100010011
00011000010000000000000011101111
00000101101100000000010100010011
00010111110000000000000011101111
00000011001000000000010100010011
00010111010000000000000011101111
00000100101000000000010100010011
00010110110000000000000011101111
00000001101100000000010100010011
00010110010000000000000011101111
00000101101100000000010100010011
00010101110000000000000011101111
00000100100000000000010100010011
00010101010000000000000011101111
00000000000000000000100100010011
00000001010000000000001010010011
00001000010110010101001001100011
00000111110000000000010100010011
00010100000000000000000011101111
00000000000000000000100110010011
00000000101000000000001010010011
00000100010110011101111001100011
00000000000000000010001100000011
00000000010000000010001110000011
00000000001000110000111000010011
00000010011010011100000001100011
00000001110010011101111001100011
00000000001000111000111010010011
00000000011110010100101001100011
00000001110110010101100001100011
00000010001100000000010100010011
00010000110000000000000011101111
00000010100000000000000001101111
00000000000010011000010100010011
00000000000010010000010110010011
11110011010111111111000011101111
00000000000001010000100001100011
00000010001100000000010100010011
00001111000000000000000011101111
00000000110000000000000001101111
00000010111000000000010100010011
00001110010000000000000011101111
00000000000110011000100110010011
11111010010111111111000001101111
00000111110000000000010100010011
00001101010000000000000011101111
00001011110000000000000011101111
00000000000110010000100100010011
11110111110111111111000001101111
00000000000000000000100110010011
00000000110000000000001010010011
00000000010110011101101001100011
00000010110100000000010100010011
00001011010000000000000011101111
00000000000110011000100110010011
11111110110111111111000001101111
00001001010000000000000011101111
00000101001100000000010100010011
00001010000000000000000011101111
00000011101000000000010100010011
00001001100000000000000011101111
00000000100000000010001110000011
00000000101000000000001100010011
00000000011000111100011001100011
11111111011000111000001110010011
11111111010111111111000001101111
00000011000000111000001110010011
00000000000000111000010100010011
00000111100000000000000011101111
00000110000000000000000011101111
00000000110000010010000010000011
00000001000000010000000100010011
00000000000000001000000001100111
00000100011100000000010100010011
00000110000000000000000011101111
00000100000100000000010100010011
00000101100000000000000011101111
00000100110100000000010100010011
00000101000000000000000011101111
00000100010100000000010100010011
00000100100000000000000011101111
00000010000000000000010100010011
00000100000000000000000011101111
00000100111100000000010100010011
00000011100000000000000011101111
00000101011000000000010100010011
00000011000000000000000011101111
00000100010100000000010100010011
00000010100000000000000011101111
00000101001000000000010100010011
00000010000000000000000011101111
00000000100000000000000011101111
00000000000000001000000001100111
00000000110100000000010100010011
00000001000000000000000011101111
00000000101000000000010100010011
00000000100000000000000011101111
00000000000000001000000001100111
00000000101001000010000000100011
00000000000000001000000001100111
